[2 6 8 2 1 2 1 2 4 4 5 2 3 4 2 29 18 12 5 16 10 28 82 56 26 304 28 14 34 91 161 42 23 53 65 67 81 58 164 163 148 85 77 36 34 7 5 5 12 318 135 219 50 30 22 7 5 27 7 38 18 8 10 20 10 3 3 3 5 2 1 1 1 1 3 3 0 0 0 0]
[4 6 7 4 1 1 1 1 3 4 8 5 5 11 4 29 14 12 4 14 9 16 70 48 27 295 30 14 23 84 181 48 23 53 80 67 87 59 177 190 155 104 63 36 35 8 6 5 8 308 141 232 51 24 17 9 6 24 10 32 18 7 12 23 9 3 6 3 3 1 2 3 3 2 5 5 1 1 1 0]
[6 9 8 1 1 1 2 2 3 6 8 5 4 9 3 34 18 11 2 16 11 22 75 53 31 305 22 14 27 106 186 53 25 58 78 67 94 65 178 184 156 113 74 36 29 6 5 3 8 285 125 239 52 28 22 8 5 19 6 36 17 4 12 27 13 5 10 5 4 1 4 2 2 2 3 3 0 0 0 1]
[3 4 4 2 1 1 1 1 5 7 8 5 4 8 3 25 18 10 5 19 13 26 72 47 25 324 24 16 36 95 161 43 30 50 75 62 84 69 167 165 158 95 63 38 32 9 6 4 8 301 141 232 50 22 19 8 4 36 9 26 17 7 12 25 13 6 7 3 4 2 2 5 2 2 2 2 1 0 0 0]
[7 11 8 2 1 2 2 2 5 9 10 5 4 10 2 29 17 14 4 14 9 20 82 52 25 314 26 14 30 89 161 45 27 58 88 66 93 60 157 181 169 112 76 35 31 11 4 5 9 292 127 228 49 30 23 8 7 31 7 33 19 7 11 26 16 3 5 2 4 1 4 2 1 2 3 3 1 1 0 0]
[3 9 7 2 1 2 2 1 3 4 5 4 4 12 3 28 18 14 4 17 11 17 68 47 28 311 25 11 29 86 168 50 26 49 69 57 83 48 140 148 150 92 70 42 32 9 3 5 9 288 124 210 36 25 12 5 5 22 6 34 20 8 15 23 11 3 4 4 4 2 4 3 1 1 3 4 1 1 1 0]
[3 7 7 1 0 0 1 2 5 6 7 4 2 8 3 29 18 15 5 16 14 18 65 40 28 286 22 13 31 99 172 48 30 58 73 73 92 73 165 167 165 104 72 33 32 9 6 3 7 294 134 225 46 23 25 11 8 23 6 28 28 6 16 35 17 3 5 3 3 2 1 2 1 1 1 1 1 1 1 0]
[8 11 8 1 1 1 2 2 6 6 7 4 4 13 4 26 17 14 4 11 8 26 65 44 24 269 28 17 30 100 176 47 25 55 74 57 80 55 149 161 172 105 70 39 34 12 8 4 9 317 142 259 43 21 20 7 5 24 6 29 18 6 12 33 16 3 6 4 4 3 3 3 2 2 2 2 2 2 2 0]
[6 9 6 3 2 1 1 1 3 5 6 3 3 8 3 34 20 14 5 21 11 16 58 46 22 304 25 12 28 89 186 49 27 55 77 65 81 55 162 164 169 97 67 32 34 9 5 4 8 283 113 226 49 28 22 8 5 17 6 37 17 6 13 33 14 3 3 3 3 2 4 2 1 1 4 4 1 1 1 1]
[3 5 6 1 2 2 2 1 2 5 7 3 4 7 4 28 18 13 3 14 11 17 73 50 26 303 27 14 27 93 168 46 30 52 77 62 81 58 161 164 148 100 64 41 38 10 6 3 9 297 134 251 51 26 19 6 8 34 11 36 18 7 11 30 12 4 5 5 4 3 3 1 1 1 3 2 1 0 0 0]
[6 7 7 2 2 2 1 3 7 8 12 6 7 15 7 30 15 14 5 13 9 25 73 47 22 276 22 14 24 82 180 45 23 51 72 72 83 56 167 163 134 88 61 33 32 8 6 5 8 299 131 239 38 26 18 8 6 37 11 24 21 6 11 26 13 4 5 3 4 2 3 1 1 2 3 3 1 1 1 0]
[4 8 6 2 1 0 0 1 3 5 9 7 4 10 3 31 20 14 4 15 11 19 59 43 29 293 23 13 27 92 173 50 29 55 74 59 82 60 168 172 154 90 67 33 32 8 4 4 13 283 132 220 41 20 20 8 5 28 6 30 19 8 12 33 14 3 8 2 4 2 3 1 1 1 2 2 0 0 0 0]
[4 6 7 3 2 2 2 2 4 6 9 6 5 14 4 40 20 17 5 11 7 18 76 46 29 334 23 10 26 95 166 51 27 51 74 66 85 61 178 165 147 99 63 33 35 11 6 5 8 293 139 233 48 22 16 7 5 26 8 33 21 7 12 31 12 3 4 4 5 2 2 1 1 1 4 4 1 1 1 0]
[4 10 8 5 3 2 2 1 4 4 5 3 3 9 3 30 20 9 4 10 7 20 71 48 27 297 25 17 29 87 153 49 33 56 79 68 90 64 193 197 158 98 70 35 31 10 5 5 8 277 121 219 58 24 16 7 6 22 7 25 21 7 15 30 9 4 5 2 3 2 3 1 1 1 5 5 3 2 2 0]
[6 10 7 2 1 1 2 1 4 5 6 4 5 8 3 32 19 14 4 17 11 17 63 44 25 342 21 11 31 97 168 54 30 56 75 65 95 64 171 169 142 96 67 34 26 7 6 5 9 301 126 248 44 23 16 7 8 26 9 34 18 5 12 27 13 4 5 5 4 3 3 3 3 2 2 2 1 1 0 0]
[6 8 7 1 1 1 1 1 2 4 5 4 2 2 1 29 20 13 4 8 5 22 70 47 23 317 27 16 32 96 151 53 30 52 78 65 87 59 167 178 159 101 67 44 37 10 5 5 8 289 133 239 49 25 21 9 6 29 7 34 20 5 13 30 13 4 6 3 4 4 4 2 1 2 2 2 1 1 0 0]
[5 10 6 1 2 1 2 1 3 8 11 5 6 10 3 34 22 12 2 16 12 21 76 52 33 291 25 15 27 93 169 48 28 54 77 64 82 60 166 192 165 106 77 41 34 10 7 4 8 313 136 239 42 22 14 9 6 21 4 30 21 6 11 28 13 4 6 2 3 3 2 2 2 2 4 4 1 0 0 0]
[4 9 8 2 2 1 1 2 3 5 9 6 3 6 3 33 23 13 3 10 7 23 74 48 23 293 23 13 31 93 184 44 27 50 76 60 84 62 162 166 148 88 66 39 32 7 5 5 9 307 131 244 47 22 16 9 8 31 8 27 17 7 11 26 10 4 6 2 7 2 3 3 1 1 3 3 1 1 1 1]
[3 6 6 4 3 2 1 1 3 5 6 3 3 7 2 30 14 11 4 14 9 22 66 44 29 331 24 11 30 91 178 52 26 52 80 63 83 59 174 179 154 95 62 30 29 8 6 4 8 285 139 245 42 19 19 9 5 27 10 28 17 7 13 25 10 4 4 2 6 2 3 2 1 1 5 5 1 1 0 0]
[5 9 7 2 2 1 1 2 5 5 6 4 4 10 4 28 15 12 3 13 8 19 76 50 23 327 24 14 28 87 168 49 29 52 67 62 82 65 172 176 151 99 73 43 32 10 6 4 12 286 132 236 45 22 18 7 6 25 7 38 17 8 12 26 11 4 6 4 4 1 4 5 4 2 2 2 1 2 1 0]
